== 2015-01-19 daily: rows sharing the same (close,pre_close) as 000038.SZ ==
same close count: (5,)
('000018.SZ', 6.76593014, 6.93393292, 6.51392597, 6.51392597, 7.23939252, -10.021097046413507)
('000023.SZ', 6.76593014, 6.93393292, 6.51392597, 6.51392597, 7.23939252, -10.021097046413507)
('000024.SZ', 6.76593014, 6.93393292, 6.51392597, 6.51392597, 7.23939252, -10.021097046413507)
('000033.SZ', 6.76593014, 6.93393292, 6.51392597, 6.51392597, 7.23939252, -10.021097046413507)
('000038.SZ', 6.76593014, 6.93393292, 6.51392597, 6.51392597, 7.23939252, -10.021097046413507)
('600075.SH', 6.67, 6.74, 6.48, 6.51, 6.72, -3.125)

== distinct closes on 2015-01-19 vs number of codes ==
(2372, 1552, 1553)

== adj_factor <= 0 counts by year ==
(1990, 53, 27, 0.0)
(1991, 2984, 941, 0.0)
(1992, 7559, 1667, 0.0)
(1993, 25433, 5067, 0.0)
(1994, 65371, 12959, -0.10843373493975904)
(1995, 73228, 14380, 0.0)
(1996, 94432, 18781, 0.0)
(1997, 153518, 30099, 0.0)
(1998, 189357, 35595, 0.0)
(1999, 207138, 37526, 0.0)
(2000, 231546, 41815, 0.0)
(2001, 262089, 45784, 0.0)
(2002, 272099, 45360, 0.0)
(2003, 292128, 46082, 0.0)
(2004, 315375, 46920, -1.9051724137931036)
(2005, 317334, 49887, -20.02941176470588)
(2006, 295580, 44392, -17.265734265734267)
(2007, 330566, 41482, -6.238461538461538)
(2008, 365666, 41485, -2.23828125)
(2009, 379522, 40620, 0.0)
(2010, 435547, 43307, 0.0)
(2011, 515966, 48786, 0.0)
(2012, 569644, 51765, 0.0)
(2013, 568161, 51154, 0.0)
(2014, 577760, 53659, 0.0)
(2015, 582538, 53661, 0.0)
(2016, 650230, 54576, 0.0)
(2017, 753473, 54986, 0.0)
(2018, 825542, 54526, 0.0)
(2019, 888271, 53253, -1.1640625)
(2020, 953450, 50412, -1.6083333333333334)
(2021, 1075046, 45406, -3.290322580645161)
(2022, 1171768, 36145, -1.2015503875968991)
(2023, 1259439, 25948, 0.0)
(2024, 1294727, 14271, -0.30357142857142855)
(2025, 1314069, 4177, 0.0)
(2026, 846186, 333, -1418.2941176470588)

== 000018.SZ Jan 2015 ==
(datetime.date(2015, 1, 15), 7.08666272, 7.30048444, 7.05611676, 7.29284795, 7.07902623, 29921856.0)
(datetime.date(2015, 1, 16), 7.28521146, 7.34630338, 7.18593709, 7.23939252, 7.29284795, 38586649.0)
(datetime.date(2015, 1, 19), 6.76593014, 6.93393292, 6.51392597, 6.51392597, 7.23939252, 75052872.0)
(datetime.date(2015, 1, 20), 6.55210842, 6.68192875, 6.39937862, 6.68192875, 6.51392597, 42768417.0)
(datetime.date(2015, 1, 21), 6.78120312, 7.06375325, 6.7201112, 6.99502484, 6.68192875, 51088045.0)
